version https://git-lfs.github.com/spec/v1
oid sha256:441384a6fd2877fa1e686f9d9eaaa1f182eb05bed1d732f03838f80607578e17
size 23013
